# Game Level Exporter v1.3
MESH
floor
<Matrix 4x4 (1.0000,  0.0000,  0.0000, 0.0000)
            (0.0000,  0.0000, 24.0000, 0.0000)
            (0.0000, -0.1000,  0.0000, 0.0000)
            (0.0000,  0.0000,  0.0000, 1.0000)>
CAMERA
Camera
<Matrix 4x4 (-0.0000, 0.0000,   1.0000, 0.0000)
            ( 0.0000, 1.0000,   0.0000, 0.0000)
            (-1.0000, 0.0000,  -0.0000, 0.0000)
            ( 7.3589, 1.5778, -19.2951, 1.0000)>
LIGHT
Sun
<Matrix 4x4 (-0.0000, -1.0000, 0.0000, 0.0000)
            ( 0.0000,  0.0000, 1.0000, 0.0000)
            (-1.0000,  0.0000, 0.0000, 0.0000)
            (32.8850,  3.3249, 4.7696, 1.0000)>
MESH
meteor_detailed
<Matrix 4x4 (2.5667,  0.0000,  0.0000, 0.0000)
            (0.0000,  2.5667,  0.0000, 0.0000)
            (0.0000, -0.0000,  2.5667, 0.0000)
            (0.0000,  0.1358, -9.3472, 1.0000)>
MESH
meteor_detailed.001
<Matrix 4x4 (1.9897,  0.0000,   0.0000, 0.0000)
            (0.0000,  1.9897,   0.0000, 0.0000)
            (0.0000, -0.0000,   1.9897, 0.0000)
            (0.0000,  3.0251, -16.0560, 1.0000)>
MESH
meteor_detailed.002
<Matrix 4x4 (1.7890,  0.0000,   0.0000, 0.0000)
            (0.0000,  1.7890,   0.0000, 0.0000)
            (0.0000, -0.0000,   1.7890, 0.0000)
            (0.0000, -0.0440, -16.0410, 1.0000)>
MESH
meteor_detailed.003
<Matrix 4x4 (1.8813,  0.0000, 0.0000, 0.0000)
            (0.0000,  1.8813, 0.0000, 0.0000)
            (0.0000, -0.0000, 1.8813, 0.0000)
            (0.0000,  3.1132, 2.2643, 1.0000)>
MESH
meteor_detailed.004
<Matrix 4x4 (2.2269,  0.0000,  0.0000, 0.0000)
            (0.0000,  2.2269,  0.0000, 0.0000)
            (0.0000, -0.0000,  2.2269, 0.0000)
            (0.0000,  2.8449, -5.5401, 1.0000)>
MESH
meteor_detailed.005
<Matrix 4x4 (2.5200,  0.0000,  0.0000, 0.0000)
            (0.0000,  2.5200,  0.0000, 0.0000)
            (0.0000, -0.0000,  2.5200, 0.0000)
            (0.0000,  0.1022, -1.2109, 1.0000)>
MESH
meteor_detailed.006
<Matrix 4x4 (-2.1665,  0.0000, 0.0000, 0.0000)
            (-0.0000, -2.1665, 0.0000, 0.0000)
            ( 0.0000,  0.0000, 2.1665, 0.0000)
            ( 0.3190,  1.7594, 6.5250, 1.0000)>
MESH
Cube.001
<Matrix 4x4 (-1.0000, 0.0035,  0.0000, 0.0000)
            ( 0.0000, 0.0000, 24.0000, 0.0000)
            ( 0.0003, 0.1000,  0.0000, 0.0000)
            ( 0.0000, 4.6007,  0.0000, 1.0000)>
MESH
craft_speederD
<Matrix 4x4 (-0.5000, -0.0000,  -0.0026, 0.0000)
            ( 0.0000,  0.5000,  -0.0000, 0.0000)
            ( 0.0026, -0.0000,  -0.5000, 0.0000)
            ( 0.0000,  1.4703, -18.8095, 1.0000)>
MESH
Plane
<Matrix 4x4 ( 0.0000, -9.1168,  0.0000, 0.0000)
            ( 0.0000,  0.0000, 30.0000, 0.0000)
            (-8.1654, -0.0000,  0.0000, 0.0000)
            (-4.9187,  1.8175, -1.0867, 1.0000)>
MESH
corridor.001
<Matrix 4x4 (1.7600,  0.0000,   0.0000, 0.0000)
            (0.0000,  1.7600,   0.0000, 0.0000)
            (0.0000, -0.0000,   1.7600, 0.0000)
            (0.0000,  0.0883, -21.6143, 1.0000)>
MESH
alien.002
<Matrix 4x4 (1.0000,  0.0000, 0.0000, 0.0000)
            (0.0000,  1.0000, 0.0000, 0.0000)
            (0.0000, -0.0000, 1.0000, 0.0000)
            (0.0000,  1.7284, 6.5334, 1.0000)>
MESH
craft_cargoB
<Matrix 4x4 (0.7500,  0.0000, 0.0000, 0.0000)
            (0.0000,  0.7500, 0.0000, 0.0000)
            (0.0000, -0.0000, 0.7500, 0.0000)
            (0.0000,  0.5928, 3.5661, 1.0000)>
MESH
craft_cargoB.001
<Matrix 4x4 (0.5000,  0.0000,   0.0000, 0.0000)
            (0.0000,  0.5000,   0.0000, 0.0000)
            (0.0000, -0.0000,   0.5000, 0.0000)
            (0.0000,  2.0755, -12.3462, 1.0000)>
MESH
craft_cargoB.002
<Matrix 4x4 (0.7500,  0.0000,  0.0000, 0.0000)
            (0.0000,  0.7500,  0.0000, 0.0000)
            (0.0000, -0.0000,  0.7500, 0.0000)
            (0.0000,  3.0145, -1.3698, 1.0000)>
MESH
alien.001
<Matrix 4x4 (-1.0000,  0.0000,  0.0000, 0.0000)
            (-0.0000, -1.0000,  0.0000, 0.0000)
            ( 0.0000,  0.0000,  1.0000, 0.0000)
            ( 0.0000,  2.8505, -5.5925, 1.0000)>
MESH
alien.003
<Matrix 4x4 (1.0000,  0.0000,  0.0000, 0.0000)
            (0.0000,  1.0000,  0.0000, 0.0000)
            (0.0000, -0.0000,  1.0000, 0.0000)
            (0.0000,  2.0171, -9.3320, 1.0000)>
MESH
alien.004
<Matrix 4x4 (-1.0000,  0.0000,   0.0000, 0.0000)
            (-0.0000, -1.0000,   0.0000, 0.0000)
            ( 0.0000,  0.0000,   1.0000, 0.0000)
            ( 0.0000,  4.4806, -12.4936, 1.0000)>
MESH
alien.005
<Matrix 4x4 (1.0000,  0.0000,   0.0000, 0.0000)
            (0.0000,  1.0000,   0.0000, 0.0000)
            (0.0000, -0.0000,   1.0000, 0.0000)
            (0.0000,  0.1007, -12.4936, 1.0000)>
MESH
craft_cargoB.003
<Matrix 4x4 (3.7564,  0.0000,  0.0000, 0.0000)
            (0.0000,  3.7564,  0.0000, 0.0000)
            (0.0000, -0.0000,  3.7564, 0.0000)
            (0.0000,  0.5713, 17.0316, 1.0000)>
