# Game Level Exporter v1.0
CAMERA
Camera
<Matrix 4x4 (-0.0000, 0.0000,   1.0000, 0.0000)
            ( 0.0000, 1.0000,   0.0000, 0.0000)
            (-1.0000, 0.0000,  -0.0000, 0.0000)
            ( 7.7600, 1.9672, -24.9706, 1.0000)>
MESH
Plane
<Matrix 4x4 (1.0000,  0.0000,  0.0000, 0.0000)
            (0.0000,  0.0000, 30.0000, 0.0000)
            (0.0000, -0.5000,  0.0000, 0.0000)
            (0.0000, -0.5000,  0.0000, 1.0000)>
MESH
craft_speederA
<Matrix 4x4 (-0.5000, 0.0000,   0.0000, 0.0000)
            ( 0.0000, 0.5000,   0.0000, 0.0000)
            ( 0.0000, 0.0000,  -0.5000, 0.0000)
            ( 0.0000, 1.4294, -24.9757, 1.0000)>
LIGHT
Spot
<Matrix 4x4 ( 0.0148, -0.8615,   0.5075, 0.0000)
            ( 0.0128,  0.5077,   0.8615, 0.0000)
            (-0.9998, -0.0063,   0.0185, 0.0000)
            ( 7.7600,  1.5483, -25.0288, 1.0000)>
MESH
Plane.002
<Matrix 4x4 (1.0000,  0.0000,  0.0000, 0.0000)
            (0.0000,  0.0000, 30.0000, 0.0000)
            (0.0000, -1.0000,  0.0000, 0.0000)
            (0.0000,  7.5533,  0.0000, 1.0000)>
MESH
bones
<Matrix 4x4 (2.2886,  0.0000, 0.0000, 0.0000)
            (0.0000,  1.7786, 0.0000, 0.0000)
            (0.0000, -0.0000, 1.7786, 0.0000)
            (0.0000,  0.0000, 0.0000, 1.0000)>
MESH
bones.001
<Matrix 4x4 (2.2886,  0.0000,  0.0000, 0.0000)
            (0.0000,  1.7786,  0.0000, 0.0000)
            (0.0000, -0.0000,  1.7786, 0.0000)
            (0.0000,  0.0000, 10.4601, 1.0000)>
MESH
bones.002
<Matrix 4x4 (2.2886,  0.0000,  0.0000, 0.0000)
            (0.0000,  1.7786,  0.0000, 0.0000)
            (0.0000, -0.0000,  1.7786, 0.0000)
            (0.0000,  0.0000, -9.0913, 1.0000)>
MESH
meteor_half.002
<Matrix 4x4 (1.0000,  0.0000,  0.0000, 0.0000)
            (0.0000,  1.0000,  0.0000, 0.0000)
            (0.0000, -0.0000,  1.0000, 0.0000)
            (0.0000,  0.0000, -3.5010, 1.0000)>
MESH
meteor
<Matrix 4x4 (1.7902,  0.0000,   0.0000, 0.0000)
            (0.0000,  1.7902,   0.0000, 0.0000)
            (0.0000, -0.0000,   1.7902, 0.0000)
            (0.0000,  5.3600, -13.0743, 1.0000)>
MESH
meteor.001
<Matrix 4x4 (1.1307,  0.0000,  0.0000, 0.0000)
            (0.0000,  1.1307,  0.0000, 0.0000)
            (0.0000, -0.0000,  1.1307, 0.0000)
            (0.0000,  3.6192, -8.9540, 1.0000)>
MESH
meteor.002
<Matrix 4x4 (0.6302,  0.0000,   0.0000, 0.0000)
            (0.0000,  0.6302,   0.0000, 0.0000)
            (0.0000, -0.0000,   0.6302, 0.0000)
            (0.0000,  1.4706, -20.2372, 1.0000)>
MESH
meteor.003
<Matrix 4x4 (1.5121,  0.0000,   0.0000, 0.0000)
            (0.0000,  1.5121,   0.0000, 0.0000)
            (0.0000, -0.0000,   1.5121, 0.0000)
            (0.0000,  3.5621, -17.5428, 1.0000)>
MESH
meteor.004
<Matrix 4x4 (1.0000,  0.0000,  0.0000, 0.0000)
            (0.0000,  1.0000,  0.0000, 0.0000)
            (0.0000, -0.0000,  1.0000, 0.0000)
            (0.0000,  5.3725, -3.3917, 1.0000)>
MESH
meteor.005
<Matrix 4x4 (1.0000,  0.0000,  0.0000, 0.0000)
            (0.0000,  1.0000,  0.0000, 0.0000)
            (0.0000, -0.0000,  1.0000, 0.0000)
            (0.0000,  1.9364, -3.3917, 1.0000)>
MESH
craft_speederC
<Matrix 4x4 (0.5000,  0.0000, 0.0000, 0.0000)
            (0.0000,  0.5000, 0.0000, 0.0000)
            (0.0000, -0.0000, 0.5000, 0.0000)
            (0.0000,  3.9475, 0.0000, 1.0000)>
MESH
craft_speederC.001
<Matrix 4x4 (0.5000,  0.0000, 0.0000, 0.0000)
            (0.0000,  0.5000, 0.0000, 0.0000)
            (0.0000, -0.0000, 0.5000, 0.0000)
            (0.0000,  1.6474, 3.9788, 1.0000)>
MESH
corridor
<Matrix 4x4 (2.8325,  0.0000,   0.0000, 0.0000)
            (0.0000,  2.8325,   0.0000, 0.0000)
            (0.0000, -0.0000,   2.8325, 0.0000)
            (0.0000,  0.0000, -28.4591, 1.0000)>
MESH
craterLarge
<Matrix 4x4 (2.0411,  0.0000,   0.0000, 0.0000)
            (0.0000,  2.0411,   0.0000, 0.0000)
            (0.0000, -0.0000,   2.0411, 0.0000)
            (0.0000,  0.0000, -21.0446, 1.0000)>
MESH
alien
<Matrix 4x4 (1.0000,  0.0000,  0.0000, 0.0000)
            (0.0000,  1.0000,  0.0000, 0.0000)
            (0.0000, -0.0000,  1.0000, 0.0000)
            (0.0000,  0.3639, -3.4850, 1.0000)>
MESH
rock_crystalsLargeA
<Matrix 4x4 (2.2104,  0.0000,   0.0000, 0.0000)
            (0.0000,  2.2104,   0.0000, 0.0000)
            (0.0000, -0.0000,   2.2104, 0.0000)
            (0.0000,  0.0000, -12.9968, 1.0000)>
MESH
rock_crystalsLargeA.001
<Matrix 4x4 (2.2104,  0.0000, 0.0000, 0.0000)
            (0.0000,  2.2104, 0.0000, 0.0000)
            (0.0000, -0.0000, 2.2104, 0.0000)
            (0.0000,  0.0000, 6.3388, 1.0000)>
MESH
rock_crystalsLargeA.002
<Matrix 4x4 (2.2104,  0.0000,  0.0000, 0.0000)
            (0.0000,  2.2104,  0.0000, 0.0000)
            (0.0000, -0.0000,  2.2104, 0.0000)
            (0.0000,  0.0000, 17.4026, 1.0000)>
MESH
rock_crystals
<Matrix 4x4 (1.0000,  0.0000,   0.0000, 0.0000)
            (0.0000,  1.0000,   0.0000, 0.0000)
            (0.0000, -0.0000,   1.0000, 0.0000)
            (0.0000,  0.0000, -25.0118, 1.0000)>
MESH
terrain_roadSplit
<Matrix 4x4 (-0.0000, 0.0000, 60.1600, 0.0000)
            ( 0.0000, 1.0000,  0.0000, 0.0000)
            (-2.6200, 0.0000, -0.0000, 0.0000)
            (-1.2389, 0.0000, 30.1879, 1.0000)>
MESH
turret_double
<Matrix 4x4 ( 1.2326,  0.0000,   0.0000, 0.0000)
            ( 0.0000,  1.2326,   0.0000, 0.0000)
            ( 0.0000, -0.0000,   1.2326, 0.0000)
            (-0.0089,  1.1098, -13.0371, 1.0000)>
MESH
craft_miner
<Matrix 4x4 (0.5000,  0.0000, 0.0000, 0.0000)
            (0.0000,  0.5000, 0.0000, 0.0000)
            (0.0000, -0.0000, 0.5000, 0.0000)
            (0.0000,  5.1362, 6.4665, 1.0000)>
MESH
craft_miner.001
<Matrix 4x4 (0.5000,  0.0000,   0.0000, 0.0000)
            (0.0000,  0.5000,   0.0000, 0.0000)
            (0.0000, -0.0000,   0.5000, 0.0000)
            (0.0000,  6.0130, -18.2762, 1.0000)>
MESH
CEWAR = Sentinel Cruiser
<Matrix 4x4 (1.0000,  0.0000,  0.0000, 0.0000)
            (0.0000,  1.0000,  0.0000, 0.0000)
            (0.0000, -0.0000,  1.0000, 0.0000)
            (0.0551,  3.6633, 29.8225, 1.0000)>
MESH
turret_double.001
<Matrix 4x4 ( 1.2326,  0.0000,  0.0000, 0.0000)
            ( 0.0000,  1.2326,  0.0000, 0.0000)
            ( 0.0000, -0.0000,  1.2326, 0.0000)
            (-0.0089,  1.1098, 17.3630, 1.0000)>
MESH
meteor.006
<Matrix 4x4 (1.1307,  0.0000,  0.0000, 0.0000)
            (0.0000,  1.1307,  0.0000, 0.0000)
            (0.0000, -0.0000,  1.1307, 0.0000)
            (0.0000,  3.6192, 11.5145, 1.0000)>
MESH
meteor.007
<Matrix 4x4 (1.1307,  0.0000,  0.0000, 0.0000)
            (0.0000,  1.1307,  0.0000, 0.0000)
            (0.0000, -0.0000,  1.1307, 0.0000)
            (0.0000,  6.4938, 11.5145, 1.0000)>
MESH
craft_miner.002
<Matrix 4x4 (0.5000,  0.0000,  0.0000, 0.0000)
            (0.0000,  0.5000,  0.0000, 0.0000)
            (0.0000, -0.0000,  0.5000, 0.0000)
            (0.0000,  2.3433, -7.0229, 1.0000)>
MESH
Plane.001
<Matrix 4x4 (-0.0437, 7.2899,  0.0000, 0.0000)
            ( 0.0000, 0.0000, 30.0000, 0.0000)
            ( 1.0000, 0.0060,  0.0000, 0.0000)
            ( 2.0940, 4.4805,  0.0000, 1.0000)>
MESH
Plane.003
<Matrix 4x4 (-0.0437, 7.2899,  0.0000, 0.0000)
            ( 0.0000, 0.0000, 30.0000, 0.0000)
            ( 1.0000, 0.0060,  0.0000, 0.0000)
            (-1.6733, 4.0554,  0.0000, 1.0000)>
MESH
Plane.004
<Matrix 4x4 (4.6667, 0.0000,  0.0000, 0.0000)
            (0.0000, 4.6667, -0.0000, 0.0000)
            (0.0000, 0.0000,  4.6667, 0.0000)
            (7.1935, 1.9672, 25.2960, 1.0000)>
